[2020-01-29 20:53:04] Linux 4.15.0-74-generic (dylan-Latitude-5590) 	2020-01-29 	_x86_64_	(8 CPU)
[2020-01-29 20:53:05] 
[2020-01-29 20:53:05] 20:53:04      UID       PID    %usr %system  %guest   %wait    %CPU   CPU  Command
[2020-01-29 20:53:05] 20:53:05     1000     14578   68,00    4,00    0,00    0,00   72,00     2  qrail-cli
[2020-01-29 20:53:06] 20:53:06     1000     14578    0,00    0,00    0,00    0,00    0,00     2  qrail-cli
[2020-01-29 20:53:07] 20:53:07     1000     14578    0,00    0,00    0,00    0,00    0,00     2  qrail-cli
[2020-01-29 20:53:08] 20:53:08     1000     14578    0,00    0,00    0,00    0,00    0,00     2  qrail-cli
[2020-01-29 20:53:09] 20:53:09     1000     14578    0,00    0,00    0,00    0,00    0,00     2  qrail-cli
[2020-01-29 20:53:10] 20:53:10     1000     14578    0,00    0,00    0,00    0,00    0,00     2  qrail-cli
[2020-01-29 20:53:11] 20:53:11     1000     14578    0,00    0,00    0,00    0,00    0,00     2  qrail-cli
[2020-01-29 20:53:12] 20:53:12     1000     14578    0,00    0,00    0,00    0,00    0,00     2  qrail-cli
[2020-01-29 20:53:13] 20:53:13     1000     14578    0,00    0,00    0,00    0,00    0,00     2  qrail-cli
[2020-01-29 20:53:14] 20:53:14     1000     14578    0,00    0,00    0,00    0,00    0,00     2  qrail-cli
[2020-01-29 20:53:15] 20:53:15     1000     14578    0,00    0,00    0,00    0,00    0,00     2  qrail-cli
[2020-01-29 20:53:16] 20:53:16     1000     14578    0,00    0,00    0,00    0,00    0,00     2  qrail-cli
[2020-01-29 20:53:17] 20:53:17     1000     14578    0,00    0,00    0,00    0,00    0,00     2  qrail-cli
[2020-01-29 20:53:18] 20:53:18     1000     14578    0,00    0,00    0,00    0,00    0,00     2  qrail-cli
[2020-01-29 20:53:19] 20:53:19     1000     14578    0,00    0,00    0,00    0,00    0,00     2  qrail-cli
[2020-01-29 20:53:20] 20:53:20     1000     14578    0,00    0,00    0,00    0,00    0,00     2  qrail-cli
[2020-01-29 20:53:21] 20:53:21     1000     14578    0,00    0,00    0,00    0,00    0,00     2  qrail-cli
[2020-01-29 20:53:22] 20:53:22     1000     14578    0,00    0,00    0,00    0,00    0,00     2  qrail-cli
[2020-01-29 20:53:23] 20:53:23     1000     14578    0,00    0,00    0,00    0,00    0,00     2  qrail-cli
[2020-01-29 20:53:24] 20:53:24     1000     14578    0,00    0,00    0,00    0,00    0,00     2  qrail-cli
[2020-01-29 20:53:25] 20:53:25     1000     14578    0,00    0,00    0,00    0,00    0,00     7  qrail-cli
[2020-01-29 20:53:26] 20:53:26     1000     14578    0,00    0,00    0,00    0,00    0,00     7  qrail-cli
[2020-01-29 20:53:27] 20:53:27     1000     14578    0,00    0,00    0,00    0,00    0,00     7  qrail-cli
[2020-01-29 20:53:28] 20:53:28     1000     14578    0,00    0,00    0,00    0,00    0,00     7  qrail-cli
[2020-01-29 20:53:29] 20:53:29     1000     14578    0,00    0,00    0,00    0,00    0,00     7  qrail-cli
[2020-01-29 20:53:30] 20:53:30     1000     14578    0,00    0,00    0,00    0,00    0,00     7  qrail-cli
[2020-01-29 20:53:31] 20:53:31     1000     14578    0,00    0,00    0,00    0,00    0,00     7  qrail-cli
[2020-01-29 20:53:32] 20:53:32     1000     14578    0,00    0,00    0,00    0,00    0,00     7  qrail-cli
[2020-01-29 20:53:33] 20:53:33     1000     14578    0,00    0,00    0,00    0,00    0,00     7  qrail-cli
[2020-01-29 20:53:34] 20:53:34     1000     14578    0,00    0,00    0,00    0,00    0,00     7  qrail-cli
[2020-01-29 20:53:35] 20:53:35     1000     14578   60,00    3,00    0,00    0,00   63,00     2  qrail-cli
[2020-01-29 20:53:36] 20:53:36     1000     14578   98,00    2,00    0,00    0,00  100,00     2  qrail-cli
[2020-01-29 20:53:37] 20:53:37     1000     14578   98,00    2,00    0,00    0,00  100,00     2  qrail-cli
[2020-01-29 20:53:38] 20:53:38     1000     14578   96,00    4,00    0,00    0,00  100,00     2  qrail-cli
[2020-01-29 20:53:39] 20:53:39     1000     14578   23,00    0,00    0,00    0,00   23,00     2  qrail-cli
[2020-01-29 20:53:40] 20:53:40     1000     14578    0,00    0,00    0,00    0,00    0,00     2  qrail-cli
[2020-01-29 20:53:41] 20:53:41     1000     14578    0,00    0,00    0,00    0,00    0,00     2  qrail-cli
[2020-01-29 20:53:42] 20:53:42     1000     14578    0,00    0,00    0,00    0,00    0,00     2  qrail-cli
[2020-01-29 20:53:43] 20:53:43     1000     14578    0,00    0,00    0,00    0,00    0,00     2  qrail-cli
[2020-01-29 20:53:44] 20:53:44     1000     14578    0,00    0,00    0,00    0,00    0,00     2  qrail-cli
[2020-01-29 20:53:45] 20:53:45     1000     14578    0,00    0,00    0,00    0,00    0,00     2  qrail-cli
[2020-01-29 20:53:46] 20:53:46     1000     14578    0,00    0,00    0,00    0,00    0,00     2  qrail-cli
[2020-01-29 20:53:47] 20:53:47     1000     14578    0,00    0,00    0,00    0,00    0,00     2  qrail-cli
[2020-01-29 20:53:48] 20:53:48     1000     14578    0,00    0,00    0,00    0,00    0,00     2  qrail-cli
[2020-01-29 20:53:49] 20:53:49     1000     14578    0,00    0,00    0,00    0,00    0,00     2  qrail-cli
[2020-01-29 20:53:50] 20:53:50     1000     14578    0,00    0,00    0,00    0,00    0,00     2  qrail-cli
[2020-01-29 20:53:51] 20:53:51     1000     14578    0,00    0,00    0,00    0,00    0,00     2  qrail-cli
[2020-01-29 20:53:52] 20:53:52     1000     14578    0,00    0,00    0,00    0,00    0,00     2  qrail-cli
[2020-01-29 20:53:53] 20:53:53     1000     14578    0,00    0,00    0,00    0,00    0,00     2  qrail-cli
[2020-01-29 20:53:54] 20:53:54     1000     14578    0,00    0,00    0,00    0,00    0,00     2  qrail-cli
[2020-01-29 20:53:55] 20:53:55     1000     14578    0,00    0,00    0,00    0,00    0,00     2  qrail-cli
[2020-01-29 20:53:56] 20:53:56     1000     14578    0,00    0,00    0,00    0,00    0,00     2  qrail-cli
[2020-01-29 20:53:57] 20:53:57     1000     14578    0,00    0,00    0,00    0,00    0,00     2  qrail-cli
[2020-01-29 20:53:58] 20:53:58     1000     14578    0,00    0,00    0,00    0,00    0,00     2  qrail-cli
[2020-01-29 20:53:59] 20:53:59     1000     14578    0,00    0,00    0,00    0,00    0,00     2  qrail-cli
[2020-01-29 20:54:00] 20:54:00     1000     14578    0,00    0,00    0,00    0,00    0,00     2  qrail-cli
[2020-01-29 20:54:01] 20:54:01     1000     14578    0,00    0,00    0,00    0,00    0,00     2  qrail-cli
[2020-01-29 20:54:02] 20:54:02     1000     14578    0,00    0,00    0,00    0,00    0,00     2  qrail-cli
[2020-01-29 20:54:03] 20:54:03     1000     14578    0,00    0,00    0,00    0,00    0,00     2  qrail-cli
[2020-01-29 20:54:04] 20:54:04     1000     14578    0,00    0,00    0,00    0,00    0,00     2  qrail-cli
[2020-01-29 20:54:05] 20:54:05     1000     14578   61,00    2,00    0,00    0,00   63,00     0  qrail-cli
[2020-01-29 20:54:06] 20:54:06     1000     14578   96,00    4,00    0,00    0,00  100,00     1  qrail-cli
[2020-01-29 20:54:07] 20:54:07     1000     14578   33,00    1,00    0,00    0,00   34,00     1  qrail-cli
[2020-01-29 20:54:08] 20:54:08     1000     14578    0,00    0,00    0,00    0,00    0,00     1  qrail-cli
[2020-01-29 20:54:09] 20:54:09     1000     14578    0,00    0,00    0,00    0,00    0,00     1  qrail-cli
[2020-01-29 20:54:10] 20:54:10     1000     14578    0,00    0,00    0,00    0,00    0,00     1  qrail-cli
[2020-01-29 20:54:11] 20:54:11     1000     14578    0,00    0,00    0,00    0,00    0,00     1  qrail-cli
[2020-01-29 20:54:12] 20:54:12     1000     14578    0,00    0,00    0,00    0,00    0,00     1  qrail-cli
[2020-01-29 20:54:13] 20:54:13     1000     14578    0,00    0,00    0,00    0,00    0,00     1  qrail-cli
[2020-01-29 20:54:14] 20:54:14     1000     14578    0,00    0,00    0,00    0,00    0,00     1  qrail-cli
[2020-01-29 20:54:15] 20:54:15     1000     14578    0,00    0,00    0,00    0,00    0,00     1  qrail-cli
[2020-01-29 20:54:16] 20:54:16     1000     14578    0,00    0,00    0,00    0,00    0,00     1  qrail-cli
[2020-01-29 20:54:17] 20:54:17     1000     14578    0,00    0,00    0,00    0,00    0,00     1  qrail-cli
[2020-01-29 20:54:18] 20:54:18     1000     14578    0,00    0,00    0,00    0,00    0,00     1  qrail-cli
[2020-01-29 20:54:19] 20:54:19     1000     14578    0,00    0,00    0,00    0,00    0,00     1  qrail-cli
[2020-01-29 20:54:20] 20:54:20     1000     14578    0,00    0,00    0,00    0,00    0,00     1  qrail-cli
[2020-01-29 20:54:21] 20:54:21     1000     14578    0,00    0,00    0,00    0,00    0,00     1  qrail-cli
[2020-01-29 20:54:22] 20:54:22     1000     14578    0,00    0,00    0,00    0,00    0,00     1  qrail-cli
[2020-01-29 20:54:23] 20:54:23     1000     14578    0,00    0,00    0,00    0,00    0,00     1  qrail-cli
[2020-01-29 20:54:24] 20:54:24     1000     14578    0,00    0,00    0,00    0,00    0,00     1  qrail-cli
[2020-01-29 20:54:25] 20:54:25     1000     14578    0,00    0,00    0,00    0,00    0,00     2  qrail-cli
[2020-01-29 20:54:26] 20:54:26     1000     14578    0,00    0,00    0,00    0,00    0,00     2  qrail-cli
[2020-01-29 20:54:27] 20:54:27     1000     14578    0,00    0,00    0,00    0,00    0,00     2  qrail-cli
[2020-01-29 20:54:28] 20:54:28     1000     14578    0,00    0,00    0,00    0,00    0,00     2  qrail-cli
[2020-01-29 20:54:29] 20:54:29     1000     14578    0,00    0,00    0,00    0,00    0,00     2  qrail-cli
[2020-01-29 20:54:30] 20:54:30     1000     14578    0,00    0,00    0,00    0,00    0,00     2  qrail-cli
[2020-01-29 20:54:31] 20:54:31     1000     14578    0,00    0,00    0,00    0,00    0,00     2  qrail-cli
[2020-01-29 20:54:32] 20:54:32     1000     14578    0,00    0,00    0,00    0,00    0,00     2  qrail-cli
[2020-01-29 20:54:33] 20:54:33     1000     14578    0,00    0,00    0,00    0,00    0,00     2  qrail-cli
[2020-01-29 20:54:34] 20:54:34     1000     14578    0,00    0,00    0,00    0,00    0,00     2  qrail-cli
[2020-01-29 20:54:35] 20:54:35     1000     14578   61,00    4,00    0,00    0,00   65,00     1  qrail-cli
[2020-01-29 20:54:36] 20:54:36     1000     14578   47,00    2,00    0,00    0,00   49,00     1  qrail-cli
[2020-01-29 20:54:37] 20:54:37     1000     14578    0,00    0,00    0,00    0,00    0,00     1  qrail-cli
[2020-01-29 20:54:38] 20:54:38     1000     14578    0,00    0,00    0,00    0,00    0,00     1  qrail-cli
[2020-01-29 20:54:39] 20:54:39     1000     14578    0,00    0,00    0,00    0,00    0,00     1  qrail-cli
[2020-01-29 20:54:40] 20:54:40     1000     14578    0,00    0,00    0,00    0,00    0,00     1  qrail-cli
[2020-01-29 20:54:41] 20:54:41     1000     14578    0,00    0,00    0,00    0,00    0,00     1  qrail-cli
[2020-01-29 20:54:42] 20:54:42     1000     14578    0,00    0,00    0,00    0,00    0,00     1  qrail-cli
[2020-01-29 20:54:43] 20:54:43     1000     14578    0,00    0,00    0,00    0,00    0,00     1  qrail-cli
[2020-01-29 20:54:44] 20:54:44     1000     14578    0,00    0,00    0,00    0,00    0,00     1  qrail-cli
[2020-01-29 20:54:45] 20:54:45     1000     14578    0,00    0,00    0,00    0,00    0,00     1  qrail-cli
[2020-01-29 20:54:46] 20:54:46     1000     14578    0,00    0,00    0,00    0,00    0,00     1  qrail-cli
[2020-01-29 20:54:47] 20:54:47     1000     14578    0,00    0,00    0,00    0,00    0,00     1  qrail-cli
[2020-01-29 20:54:48] 20:54:48     1000     14578    0,00    0,00    0,00    0,00    0,00     1  qrail-cli
[2020-01-29 20:54:49] 20:54:49     1000     14578    0,00    0,00    0,00    0,00    0,00     1  qrail-cli
[2020-01-29 20:54:50] 20:54:50     1000     14578    0,00    0,00    0,00    0,00    0,00     1  qrail-cli
[2020-01-29 20:54:51] 20:54:51     1000     14578    0,00    0,00    0,00    0,00    0,00     1  qrail-cli
[2020-01-29 20:54:52] 20:54:52     1000     14578    0,00    0,00    0,00    0,00    0,00     1  qrail-cli
[2020-01-29 20:54:53] 20:54:53     1000     14578    0,00    0,00    0,00    0,00    0,00     1  qrail-cli
[2020-01-29 20:54:54] 20:54:54     1000     14578    0,00    0,00    0,00    0,00    0,00     1  qrail-cli
[2020-01-29 20:54:55] 20:54:55     1000     14578    0,00    0,00    0,00    0,00    0,00     1  qrail-cli
[2020-01-29 20:54:56] 20:54:56     1000     14578    0,00    0,00    0,00    0,00    0,00     1  qrail-cli
[2020-01-29 20:54:57] 20:54:57     1000     14578    0,00    0,00    0,00    0,00    0,00     1  qrail-cli
[2020-01-29 20:54:58] 20:54:58     1000     14578    0,00    0,00    0,00    0,00    0,00     1  qrail-cli
[2020-01-29 20:54:59] 20:54:59     1000     14578    0,00    0,00    0,00    0,00    0,00     1  qrail-cli
[2020-01-29 20:55:00] 20:55:00     1000     14578    0,00    0,00    0,00    0,00    0,00     1  qrail-cli
[2020-01-29 20:55:01] 20:55:01     1000     14578    0,00    0,00    0,00    0,00    0,00     1  qrail-cli
[2020-01-29 20:55:02] 20:55:02     1000     14578    0,00    0,00    0,00    0,00    0,00     1  qrail-cli
[2020-01-29 20:55:03] 20:55:03     1000     14578    0,00    0,00    0,00    0,00    0,00     1  qrail-cli
[2020-01-29 20:55:04] 20:55:04     1000     14578    0,00    0,00    0,00    0,00    0,00     1  qrail-cli
[2020-01-29 20:55:05] 20:55:05     1000     14578   61,00    3,00    0,00    0,00   64,00     2  qrail-cli
[2020-01-29 20:55:06] 20:55:06     1000     14578   82,00    3,00    0,00    0,00   85,00     1  qrail-cli
[2020-01-29 20:55:07] 20:55:07     1000     14578    0,00    0,00    0,00    0,00    0,00     1  qrail-cli
[2020-01-29 20:55:08] 20:55:08     1000     14578    0,00    0,00    0,00    0,00    0,00     1  qrail-cli
[2020-01-29 20:55:09] 20:55:09     1000     14578    0,00    0,00    0,00    0,00    0,00     1  qrail-cli
[2020-01-29 20:55:10] 20:55:10     1000     14578    0,00    0,00    0,00    0,00    0,00     1  qrail-cli
[2020-01-29 20:55:11] 20:55:11     1000     14578    0,00    0,00    0,00    0,00    0,00     1  qrail-cli
[2020-01-29 20:55:12] 20:55:12     1000     14578    0,00    0,00    0,00    0,00    0,00     1  qrail-cli
[2020-01-29 20:55:13] 20:55:13     1000     14578    0,00    0,00    0,00    0,00    0,00     1  qrail-cli
[2020-01-29 20:55:14] 20:55:14     1000     14578    0,00    0,00    0,00    0,00    0,00     1  qrail-cli
[2020-01-29 20:55:15] 20:55:15     1000     14578    0,00    0,00    0,00    0,00    0,00     1  qrail-cli
[2020-01-29 20:55:16] 20:55:16     1000     14578    0,00    0,00    0,00    0,00    0,00     1  qrail-cli
[2020-01-29 20:55:17] 20:55:17     1000     14578    0,00    0,00    0,00    0,00    0,00     1  qrail-cli
[2020-01-29 20:55:18] 20:55:18     1000     14578    0,00    0,00    0,00    0,00    0,00     1  qrail-cli
[2020-01-29 20:55:19] 20:55:19     1000     14578    0,00    0,00    0,00    0,00    0,00     1  qrail-cli
[2020-01-29 20:55:20] 20:55:20     1000     14578    0,00    0,00    0,00    0,00    0,00     1  qrail-cli
[2020-01-29 20:55:21] 20:55:21     1000     14578    0,00    0,00    0,00    0,00    0,00     1  qrail-cli
[2020-01-29 20:55:22] 20:55:22     1000     14578    0,00    0,00    0,00    0,00    0,00     1  qrail-cli
[2020-01-29 20:55:23] 20:55:23     1000     14578    0,00    0,00    0,00    0,00    0,00     1  qrail-cli
[2020-01-29 20:55:24] 20:55:24     1000     14578    0,00    0,00    0,00    0,00    0,00     1  qrail-cli
[2020-01-29 20:55:25] 20:55:25     1000     14578    0,00    0,00    0,00    0,00    0,00     6  qrail-cli
[2020-01-29 20:55:26] 20:55:26     1000     14578    0,00    0,00    0,00    0,00    0,00     6  qrail-cli
[2020-01-29 20:55:27] 20:55:27     1000     14578    0,00    0,00    0,00    0,00    0,00     6  qrail-cli
[2020-01-29 20:55:28] 20:55:28     1000     14578    0,00    0,00    0,00    0,00    0,00     6  qrail-cli
[2020-01-29 20:55:29] 20:55:29     1000     14578    0,00    0,00    0,00    0,00    0,00     6  qrail-cli
[2020-01-29 20:55:30] 20:55:30     1000     14578    0,00    0,00    0,00    0,00    0,00     6  qrail-cli
[2020-01-29 20:55:31] 20:55:31     1000     14578    0,00    0,00    0,00    0,00    0,00     6  qrail-cli
[2020-01-29 20:55:32] 20:55:32     1000     14578    0,00    0,00    0,00    0,00    0,00     6  qrail-cli
[2020-01-29 20:55:33] 20:55:33     1000     14578    0,00    0,00    0,00    0,00    0,00     6  qrail-cli
[2020-01-29 20:55:34] 20:55:34     1000     14578    0,00    0,00    0,00    0,00    0,00     6  qrail-cli
[2020-01-29 20:55:35] 20:55:35     1000     14578   60,00    3,00    0,00    0,00   63,00     1  qrail-cli
[2020-01-29 20:55:36] 20:55:36     1000     14578   96,00    4,00    0,00    0,00  100,00     1  qrail-cli
[2020-01-29 20:55:37] 20:55:37     1000     14578   92,00    5,00    0,00    0,00   97,00     1  qrail-cli
[2020-01-29 20:55:38] 20:55:38     1000     14578    0,00    0,00    0,00    0,00    0,00     1  qrail-cli
[2020-01-29 20:55:39] 20:55:39     1000     14578    0,00    0,00    0,00    0,00    0,00     1  qrail-cli
[2020-01-29 20:55:40] 20:55:40     1000     14578    0,00    0,00    0,00    0,00    0,00     1  qrail-cli
[2020-01-29 20:55:41] 20:55:41     1000     14578    0,00    0,00    0,00    0,00    0,00     1  qrail-cli
[2020-01-29 20:55:42] 20:55:42     1000     14578    0,00    0,00    0,00    0,00    0,00     1  qrail-cli
[2020-01-29 20:55:43] 20:55:43     1000     14578    0,00    0,00    0,00    0,00    0,00     1  qrail-cli
[2020-01-29 20:55:44] 20:55:44     1000     14578    0,00    0,00    0,00    0,00    0,00     1  qrail-cli
[2020-01-29 20:55:45] 20:55:45     1000     14578    0,00    0,00    0,00    0,00    0,00     1  qrail-cli
[2020-01-29 20:55:46] 20:55:46     1000     14578    0,00    0,00    0,00    0,00    0,00     1  qrail-cli
[2020-01-29 20:55:47] 20:55:47     1000     14578    0,00    0,00    0,00    0,00    0,00     1  qrail-cli
[2020-01-29 20:55:48] 20:55:48     1000     14578    0,00    0,00    0,00    0,00    0,00     1  qrail-cli
[2020-01-29 20:55:49] 20:55:49     1000     14578    0,00    0,00    0,00    0,00    0,00     1  qrail-cli
[2020-01-29 20:55:50] 20:55:50     1000     14578    0,00    0,00    0,00    0,00    0,00     1  qrail-cli
[2020-01-29 20:55:51] 20:55:51     1000     14578    0,00    0,00    0,00    0,00    0,00     1  qrail-cli
[2020-01-29 20:55:52] 20:55:52     1000     14578    0,00    0,00    0,00    0,00    0,00     1  qrail-cli
[2020-01-29 20:55:53] 20:55:53     1000     14578    0,00    0,00    0,00    0,00    0,00     1  qrail-cli
[2020-01-29 20:55:54] 20:55:54     1000     14578    0,00    0,00    0,00    0,00    0,00     1  qrail-cli
[2020-01-29 20:55:55] 20:55:55     1000     14578    0,00    0,00    0,00    0,00    0,00     1  qrail-cli
[2020-01-29 20:55:56] 20:55:56     1000     14578    0,00    0,00    0,00    0,00    0,00     1  qrail-cli
[2020-01-29 20:55:57] 20:55:57     1000     14578    0,00    0,00    0,00    0,00    0,00     1  qrail-cli
[2020-01-29 20:55:58] 20:55:58     1000     14578    0,00    0,00    0,00    0,00    0,00     1  qrail-cli
[2020-01-29 20:55:59] 20:55:59     1000     14578    0,00    0,00    0,00    0,00    0,00     1  qrail-cli
[2020-01-29 20:56:00] 20:56:00     1000     14578    0,00    0,00    0,00    0,00    0,00     1  qrail-cli
[2020-01-29 20:56:01] 20:56:01     1000     14578    0,00    0,00    0,00    0,00    0,00     1  qrail-cli
[2020-01-29 20:56:02] 20:56:02     1000     14578    0,00    0,00    0,00    0,00    0,00     1  qrail-cli
[2020-01-29 20:56:03] 20:56:03     1000     14578    0,00    0,00    0,00    0,00    0,00     1  qrail-cli
[2020-01-29 20:56:04] 20:56:04     1000     14578    0,00    0,00    0,00    0,00    0,00     1  qrail-cli
[2020-01-29 20:56:05] 20:56:05     1000     14578   64,00    2,00    0,00    0,00   66,00     2  qrail-cli
[2020-01-29 20:56:06] 20:56:06     1000     14578   98,00    3,00    0,00    0,00  100,00     2  qrail-cli
[2020-01-29 20:56:07] 20:56:07     1000     14578   51,00    2,00    0,00    0,00   53,00     1  qrail-cli
[2020-01-29 20:56:08] 20:56:08     1000     14578    0,00    0,00    0,00    0,00    0,00     1  qrail-cli
[2020-01-29 20:56:09] 20:56:09     1000     14578    0,00    0,00    0,00    0,00    0,00     1  qrail-cli
[2020-01-29 20:56:10] 20:56:10     1000     14578    0,00    0,00    0,00    0,00    0,00     1  qrail-cli
[2020-01-29 20:56:11] 20:56:11     1000     14578    0,00    0,00    0,00    0,00    0,00     1  qrail-cli
[2020-01-29 20:56:12] 20:56:12     1000     14578    0,00    0,00    0,00    0,00    0,00     1  qrail-cli
[2020-01-29 20:56:13] 20:56:13     1000     14578    0,00    0,00    0,00    0,00    0,00     1  qrail-cli
[2020-01-29 20:56:14] 20:56:14     1000     14578    0,00    0,00    0,00    0,00    0,00     1  qrail-cli
[2020-01-29 20:56:15] 20:56:15     1000     14578    0,00    0,00    0,00    0,00    0,00     1  qrail-cli
[2020-01-29 20:56:16] 20:56:16     1000     14578    0,00    0,00    0,00    0,00    0,00     1  qrail-cli
[2020-01-29 20:56:17] 20:56:17     1000     14578    0,00    0,00    0,00    0,00    0,00     1  qrail-cli
[2020-01-29 20:56:18] 20:56:18     1000     14578    0,00    0,00    0,00    0,00    0,00     1  qrail-cli
[2020-01-29 20:56:19] 20:56:19     1000     14578    0,00    0,00    0,00    0,00    0,00     1  qrail-cli
[2020-01-29 20:56:20] 20:56:20     1000     14578    0,00    0,00    0,00    0,00    0,00     1  qrail-cli
[2020-01-29 20:56:21] 20:56:21     1000     14578    0,00    0,00    0,00    0,00    0,00     1  qrail-cli
[2020-01-29 20:56:22] 20:56:22     1000     14578    0,00    0,00    0,00    0,00    0,00     1  qrail-cli
[2020-01-29 20:56:23] 20:56:23     1000     14578    0,00    0,00    0,00    0,00    0,00     1  qrail-cli
[2020-01-29 20:56:24] 20:56:24     1000     14578    0,00    0,00    0,00    0,00    0,00     1  qrail-cli
[2020-01-29 20:56:25] 20:56:25     1000     14578    0,00    0,00    0,00    0,00    0,00     4  qrail-cli
[2020-01-29 20:56:26] 20:56:26     1000     14578    0,00    0,00    0,00    0,00    0,00     4  qrail-cli
[2020-01-29 20:56:27] 20:56:27     1000     14578    0,00    0,00    0,00    0,00    0,00     4  qrail-cli
[2020-01-29 20:56:28] 20:56:28     1000     14578    0,00    0,00    0,00    0,00    0,00     4  qrail-cli
[2020-01-29 20:56:29] 20:56:29     1000     14578    0,00    0,00    0,00    0,00    0,00     4  qrail-cli
[2020-01-29 20:56:30] 20:56:30     1000     14578    0,00    0,00    0,00    0,00    0,00     4  qrail-cli
[2020-01-29 20:56:31] 20:56:31     1000     14578    0,00    0,00    0,00    0,00    0,00     4  qrail-cli
[2020-01-29 20:56:32] 20:56:32     1000     14578    0,00    0,00    0,00    0,00    0,00     4  qrail-cli
[2020-01-29 20:56:33] 20:56:33     1000     14578    0,00    0,00    0,00    0,00    0,00     4  qrail-cli
[2020-01-29 20:56:34] 20:56:34     1000     14578    0,00    0,00    0,00    0,00    0,00     4  qrail-cli
[2020-01-29 20:56:35] 20:56:35     1000     14578   63,00    2,00    0,00    0,00   65,00     1  qrail-cli
[2020-01-29 20:56:36] 20:56:36     1000     14578   96,00    4,00    0,00    0,00  100,00     1  qrail-cli
[2020-01-29 20:56:37] 20:56:37     1000     14578   74,00    2,00    0,00    0,00   76,00     0  qrail-cli
[2020-01-29 20:56:38] 20:56:38     1000     14578    0,00    0,00    0,00    0,00    0,00     0  qrail-cli
[2020-01-29 20:56:39] 20:56:39     1000     14578    0,00    0,00    0,00    0,00    0,00     0  qrail-cli
[2020-01-29 20:56:40] 20:56:40     1000     14578    0,00    0,00    0,00    0,00    0,00     0  qrail-cli
[2020-01-29 20:56:41] 20:56:41     1000     14578    0,00    0,00    0,00    0,00    0,00     0  qrail-cli
[2020-01-29 20:56:42] 20:56:42     1000     14578    0,00    0,00    0,00    0,00    0,00     0  qrail-cli
[2020-01-29 20:56:43] 20:56:43     1000     14578    0,00    0,00    0,00    0,00    0,00     0  qrail-cli
[2020-01-29 20:56:44] 20:56:44     1000     14578    0,00    0,00    0,00    0,00    0,00     0  qrail-cli
[2020-01-29 20:56:45] 20:56:45     1000     14578    0,00    0,00    0,00    0,00    0,00     1  qrail-cli
[2020-01-29 20:56:46] 20:56:46     1000     14578    0,00    0,00    0,00    0,00    0,00     1  qrail-cli
[2020-01-29 20:56:47] 20:56:47     1000     14578    0,00    0,00    0,00    0,00    0,00     1  qrail-cli
[2020-01-29 20:56:48] 20:56:48     1000     14578    0,00    0,00    0,00    0,00    0,00     1  qrail-cli
[2020-01-29 20:56:49] 20:56:49     1000     14578    0,00    0,00    0,00    0,00    0,00     1  qrail-cli
[2020-01-29 20:56:50] 20:56:50     1000     14578    0,00    0,00    0,00    0,00    0,00     1  qrail-cli
[2020-01-29 20:56:51] 20:56:51     1000     14578    0,00    0,00    0,00    0,00    0,00     1  qrail-cli
[2020-01-29 20:56:52] 20:56:52     1000     14578    0,00    0,00    0,00    0,00    0,00     1  qrail-cli
[2020-01-29 20:56:53] 20:56:53     1000     14578    0,00    0,00    0,00    0,00    0,00     1  qrail-cli
[2020-01-29 20:56:54] 20:56:54     1000     14578    0,00    0,00    0,00    0,00    0,00     1  qrail-cli
[2020-01-29 20:56:55] 20:56:55     1000     14578    0,00    0,00    0,00    0,00    0,00     1  qrail-cli
[2020-01-29 20:56:56] 20:56:56     1000     14578    0,00    0,00    0,00    0,00    0,00     1  qrail-cli
[2020-01-29 20:56:57] 20:56:57     1000     14578    0,00    0,00    0,00    0,00    0,00     1  qrail-cli
[2020-01-29 20:56:58] 20:56:58     1000     14578    0,00    0,00    0,00    0,00    0,00     1  qrail-cli
[2020-01-29 20:56:59] 20:56:59     1000     14578    0,00    0,00    0,00    0,00    0,00     1  qrail-cli
[2020-01-29 20:57:00] 20:57:00     1000     14578    0,00    0,00    0,00    0,00    0,00     1  qrail-cli
[2020-01-29 20:57:01] 20:57:01     1000     14578    0,00    0,00    0,00    0,00    0,00     1  qrail-cli
[2020-01-29 20:57:02] 20:57:02     1000     14578    0,00    0,00    0,00    0,00    0,00     1  qrail-cli
[2020-01-29 20:57:03] 20:57:03     1000     14578    0,00    0,00    0,00    0,00    0,00     1  qrail-cli
[2020-01-29 20:57:04] 20:57:04     1000     14578    0,00    0,00    0,00    0,00    0,00     1  qrail-cli
[2020-01-29 20:57:05] 20:57:05     1000     14578   62,00    4,00    0,00    0,00   66,00     3  qrail-cli
[2020-01-29 20:57:06] 20:57:06     1000     14578   96,00    4,00    0,00    0,00  100,00     3  qrail-cli
[2020-01-29 20:57:07] 20:57:07     1000     14578   30,00    1,00    0,00    0,00   31,00     3  qrail-cli
[2020-01-29 20:57:08] 20:57:08     1000     14578    0,00    0,00    0,00    0,00    0,00     3  qrail-cli
[2020-01-29 20:57:09] 20:57:09     1000     14578    0,00    0,00    0,00    0,00    0,00     3  qrail-cli
[2020-01-29 20:57:10] 20:57:10     1000     14578    0,00    0,00    0,00    0,00    0,00     3  qrail-cli
[2020-01-29 20:57:11] 20:57:11     1000     14578    0,00    0,00    0,00    0,00    0,00     3  qrail-cli
[2020-01-29 20:57:12] 20:57:12     1000     14578    0,00    0,00    0,00    0,00    0,00     3  qrail-cli
[2020-01-29 20:57:13] 20:57:13     1000     14578    0,00    0,00    0,00    0,00    0,00     3  qrail-cli
[2020-01-29 20:57:14] 20:57:14     1000     14578    0,00    0,00    0,00    0,00    0,00     3  qrail-cli
[2020-01-29 20:57:15] 20:57:15     1000     14578    0,00    0,00    0,00    0,00    0,00     3  qrail-cli
[2020-01-29 20:57:16] 20:57:16     1000     14578    0,00    0,00    0,00    0,00    0,00     3  qrail-cli
[2020-01-29 20:57:17] 20:57:17     1000     14578    0,00    0,00    0,00    0,00    0,00     3  qrail-cli
[2020-01-29 20:57:18] 20:57:18     1000     14578    0,00    0,00    0,00    0,00    0,00     3  qrail-cli
[2020-01-29 20:57:19] 20:57:19     1000     14578    0,00    0,00    0,00    0,00    0,00     3  qrail-cli
[2020-01-29 20:57:20] 20:57:20     1000     14578    0,00    0,00    0,00    0,00    0,00     3  qrail-cli
[2020-01-29 20:57:21] 20:57:21     1000     14578    0,00    0,00    0,00    0,00    0,00     3  qrail-cli
[2020-01-29 20:57:22] 20:57:22     1000     14578    0,00    0,00    0,00    0,00    0,00     3  qrail-cli
[2020-01-29 20:57:23] 20:57:23     1000     14578    0,00    0,00    0,00    0,00    0,00     3  qrail-cli
[2020-01-29 20:57:24] 20:57:24     1000     14578    0,00    0,00    0,00    0,00    0,00     3  qrail-cli
[2020-01-29 20:57:25] 20:57:25     1000     14578    0,00    0,00    0,00    0,00    0,00     3  qrail-cli
[2020-01-29 20:57:26] 20:57:26     1000     14578    0,00    0,00    0,00    0,00    0,00     3  qrail-cli
[2020-01-29 20:57:27] 20:57:27     1000     14578    0,00    0,00    0,00    0,00    0,00     3  qrail-cli
[2020-01-29 20:57:28] 20:57:28     1000     14578    0,00    0,00    0,00    0,00    0,00     3  qrail-cli
[2020-01-29 20:57:29] 20:57:29     1000     14578    0,00    0,00    0,00    0,00    0,00     3  qrail-cli
[2020-01-29 20:57:30] 20:57:30     1000     14578    0,00    0,00    0,00    0,00    0,00     3  qrail-cli
[2020-01-29 20:57:31] 20:57:31     1000     14578    0,00    0,00    0,00    0,00    0,00     3  qrail-cli
[2020-01-29 20:57:32] 20:57:32     1000     14578    0,00    0,00    0,00    0,00    0,00     3  qrail-cli
[2020-01-29 20:57:33] 20:57:33     1000     14578    0,00    0,00    0,00    0,00    0,00     3  qrail-cli
[2020-01-29 20:57:34] 20:57:34     1000     14578    0,00    0,00    0,00    0,00    0,00     3  qrail-cli
[2020-01-29 20:57:35] 20:57:35     1000     14578   64,00    2,00    0,00    0,00   66,00     7  qrail-cli
[2020-01-29 20:57:36] 20:57:36     1000     14578   96,00    3,00    0,00    0,00   99,00     7  qrail-cli
[2020-01-29 20:57:37] 20:57:37     1000     14578   72,00    4,00    0,00    0,00   76,00     7  qrail-cli
[2020-01-29 20:57:38] 20:57:38     1000     14578    0,00    0,00    0,00    0,00    0,00     7  qrail-cli
[2020-01-29 20:57:39] 20:57:39     1000     14578    0,00    0,00    0,00    0,00    0,00     7  qrail-cli
[2020-01-29 20:57:40] 20:57:40     1000     14578    0,00    0,00    0,00    0,00    0,00     7  qrail-cli
[2020-01-29 20:57:41] 20:57:41     1000     14578    0,00    0,00    0,00    0,00    0,00     7  qrail-cli
[2020-01-29 20:57:42] 20:57:42     1000     14578    0,00    0,00    0,00    0,00    0,00     7  qrail-cli
[2020-01-29 20:57:43] 20:57:43     1000     14578    0,00    0,00    0,00    0,00    0,00     7  qrail-cli
[2020-01-29 20:57:44] 20:57:44     1000     14578    0,00    0,00    0,00    0,00    0,00     7  qrail-cli
[2020-01-29 20:57:45] 20:57:45     1000     14578    0,00    0,00    0,00    0,00    0,00     7  qrail-cli
[2020-01-29 20:57:46] 20:57:46     1000     14578    0,00    0,00    0,00    0,00    0,00     7  qrail-cli
[2020-01-29 20:57:47] 20:57:47     1000     14578    0,00    0,00    0,00    0,00    0,00     7  qrail-cli
[2020-01-29 20:57:48] 
[2020-01-29 20:57:48] Average:     1000     14578    7,06    0,28    0,00    0,00    7,34     -  qrail-cli
